Matrix A:
[[ 1.  1. -1. -1.]
 [ 0.  3. -5. -3.]
 [ 0.  0. -2.  2.]
 [ 0.  0.  0.  0.]]
Matrix B:
[ 1. -4. -2.  1.]
Solusi:
No Solution

Matrix A:
[[ 1.  -1.   0.   0.   1. ]
 [ 0.   2.   0.  -3.   0. ]
 [ 0.   0.   0.   2.5 -1. ]
 [ 0.   0.   0.  -0.5 -1. ]]
Matrix B:
[ 3.   3.  -2.5  0.5]
Solusi:
No Solution

Persamaan:
['a+5b-2c-12d', '1']
Persamaan:
['a+b+c+d', '0']
Polinomial Karakteristik:
[ 1. -6. 11. -6.]
Eigenvalues:
[1.+0.j 2.+0.j 3.+0.j]
Eigenvector (P):
[[ 3.01511345e-01 -7.07106781e-01  6.40987562e-17]
 [-9.04534034e-01  7.07106781e-01 -7.07106781e-01]
 [ 3.01511345e-01  3.18887286e-16  7.07106781e-01]]
P^-1:
[[-3.31662479 -3.31662479 -3.31662479]
 [-2.82842712 -1.41421356 -1.41421356]
 [ 1.41421356  1.41421356  2.82842712]]
Polinomial Karakteristik:
[ 1. -5.  7. -3.]
Eigenvalues:
[3.+0.j 1.+0.j 1.+0.j]
Eigenvector (P):
[[ 7.07106781e-01 -7.07106781e-01 -7.07106781e-01]
 [ 0.00000000e+00  0.00000000e+00  1.04672831e-16]
 [ 7.07106781e-01  7.07106781e-01  7.07106781e-01]]
P^-1:
[[ 7.07106781e-01  0.00000000e+00  7.07106781e-01]
 [-7.07106781e-01 -9.55357751e+15  7.07106781e-01]
 [ 0.00000000e+00  9.55357751e+15  0.00000000e+00]]
Matriks U:
[[-8.16496581e-01  1.85577521e-16 -5.77350269e-01]
 [ 4.08248290e-01 -7.07106781e-01 -5.77350269e-01]
 [-4.08248290e-01 -7.07106781e-01  5.77350269e-01]]
Matriks S:
[[1.73205081 0.        ]
 [0.         1.        ]]
Matriks Vh:
[[-0.70710678  0.70710678]
 [-0.70710678 -0.70710678]]
Matriks U:
[[-5.77350269e-01  2.02242588e-16 -8.16496581e-01]
 [ 5.77350269e-01 -7.07106781e-01 -4.08248290e-01]
 [-5.77350269e-01 -7.07106781e-01  4.08248290e-01]]
Matriks S:
[[3. 0. 0.]
 [0. 2. 0.]
 [0. 0. 0.]]
Matriks Vh:
[[-5.77350269e-01 -5.77350269e-01 -5.77350269e-01]
 [ 1.33226763e-16 -7.07106781e-01  7.07106781e-01]
 [-8.16496581e-01  4.08248290e-01  4.08248290e-01]]
Hasil:
a = (0.012640175213711512+0j)
b = (0.25833496039864523+0j)
c = (0.20595930355945313+0j)
i = (0.010112140170969286+0j)
j = (0.3107106172378376+0j)
Hasil:
a = (5.617826816572581e-18+0j)
b = (3.652991887476321e-16+0j)
c = (0.9999999999999996+0j)

x1: (-5.5+1.7763568394002506e-16j)
x2: (-0.9999999999999993-1.4999999999999993j)
x3: (-3.999999999999999+2.9999999999999996j)
