Unique Solution:
x1 = 1.0
x2 = -1.0
x3 = -0.5
x4 = 0.5
Polinomial Karakteristik:
[ 1. -6. 11. -6.]
Eigenvalues:
[1. 2. 3.]
Eigenvector (P):
[[ 3.01511345e-01 -7.07106781e-01  6.40987562e-17]
 [-9.04534034e-01  7.07106781e-01 -7.07106781e-01]
 [ 3.01511345e-01  3.18887286e-16  7.07106781e-01]]
D:
[[1. 0. 0.]
 [0. 2. 0.]
 [0. 0. 3.]]
P^-1:
[[-3.31662479 -3.31662479 -3.31662479]
 [-2.82842712 -1.41421356 -1.41421356]
 [ 1.41421356  1.41421356  2.82842712]]
Matriks U:
[[-8.16496581e-01  1.66533454e-16 -5.77350269e-01]
 [ 4.08248290e-01 -7.07106781e-01 -5.77350269e-01]
 [-4.08248290e-01 -7.07106781e-01  5.77350269e-01]]
Matriks S:
[[1.73205081 0.         0.        ]
 [0.         1.         0.        ]
 [0.         0.         0.        ]]
Matriks Vh:
[[-0.70710678  0.70710678 -0.        ]
 [-0.70710678 -0.70710678 -0.        ]
 [ 0.          0.          1.        ]]
Matriks U:
[[-5.77350269e-01  2.02242588e-16 -8.16496581e-01]
 [ 5.77350269e-01 -7.07106781e-01 -4.08248290e-01]
 [-5.77350269e-01 -7.07106781e-01  4.08248290e-01]]
Matriks S:
[[3. 0. 0.]
 [0. 2. 0.]
 [0. 0. 0.]]
Matriks Vh:
[[-5.77350269e-01 -5.77350269e-01 -5.77350269e-01]
 [ 1.33226763e-16 -7.07106781e-01  7.07106781e-01]
 [-8.16496581e-01  4.08248290e-01  4.08248290e-01]]
